# Graphe 30
1 2
1 11
2 11
2 3
2 12
2 1
3 2
3 12
3 13
3 4
4 3
4 13
4 5
4 14
5 4
5 14
5 15
5 6
6 5
6 15
6 16
6 7
7 6
7 16
7 17
7 8
8 7
8 17
8 18
8 9
9 8
9 18
9 19
9 10
10 9
10 19
10 20
20 10
20 19
20 29
20 30
19 18
19 9
19 10
19 20
19 29
19 28
18 17
18 8
18 9
18 19
18 28
18 27
17 16
17 7
17 8
17 18
17 27
17 26
16 15
16 6
16 7
16 17
16 26
16 25
15 14
15 5
15 6
15 16
15 25
15 24
14 13
14 4
14 5
14 15
14 24
14 23
13 12
13 3
13 4
13 14
13 23
13 22
12 11
12 2
12 3
12 13
12 22
12 21
11 1
11 2
11 12
11 21
21 11
21 12
21 22
22 21
22 12
22 13
22 23
23 22
23 13
23 14
23 24
24 23
24 14
24 15
24 25
25 24
25 15
25 16
25 26
26 25
26 16
26 17
26 27
27 26
27 17
27 18
27 28
28 27
28 18
28 19
28 29
29 28
29 19
29 20
29 30
30 29
30 20
